36
35
35
33
36
0A
31
33
31
30
37
32
0A
33
32
37
36
38
0A
34
32
39
34
39
36
37
32
39
35
0A
34
32
39
34
39
36
37
32
39
35
0A
32
31
34
37
34
38
33
36
34
37
0A
36
35
35
33
35
0A
33
32
37
36
37
0A
36
35
35
33
34
0A
33
32
37
36
37
0A
34
32
39
34
39
36
37
32
39
35
0A
34
32
39
34
39
36
37
32
39
35
0A
31
32
38
0A
31
32
38
0A
31
34
38
0A
31
34
38
0A
31
34
34
0A
36
35
35
33
36
0A
36
35
35
33
36
0A
33
37
32
31
31
34
36
34
32
0A
33
37
32
31
31
34
36
34
32
0A
36
0A
30
0A
36
0A
34
32
39
34
39
36
37
32
38
39
0A
34
32
39
34
39
36
37
31
37
33
0A
34
0A
30
0A
31
32
33
34
0A
31
32
0A
31
31
0A
37
0A
36
0A
33
0A
37
0A
34
0A
34
32
39
34
39
36
37
32
38
38
0A
34
32
39
34
39
36
37
32
38
38
0A
34
32
39
34
39
36
37
32
38
38
0A
30
0A
31
0A
30
0A
30
0A
31
0A
33
0A
31
39
0A
32
30
0A
32
30
0A
32
30
0A
32
30
0A
32
30
0A
32
30
0A
32
30
0A
32
30
0A
32
35
39
0A
36
35
35
33
37
0A
36
35
35
33
37
0A
32
30
39
37
31
35
33
0A
36
34
34
0A
84
48
65
6C
6C
6F
2C
20
57
6F
72
6C
64
21
0A
